NAME    DT(SH)  DX(CM)  CYCLES  NS      (1-f)   FIGURES     SIGMA_V (EQN.)  T_POWER  T_INIT(KEV)

calc1   2e-03   0.4     150     1000    0.944   2,3,4,5,8   5.1		    0        0.001
calc2   1e-02   0.4     30      3000    0.988   3           5.1		    0        0.001
calc3   2e-02   0.4     15      4000    0.994   4           5.1		    0        0.001
calc4   5e-02   0.4     6       5000    0.998   4           5.1		    0        0.001
calc5   2e-03   0.8     150     1000    0.944   5           5.1		    0        0.001
calc6   2e-03   0.16    150     1000    0.944   5,6         5.1		    0        0.001
calc7   2e-04   0.16    1500    600     0.628   6           5.1		    0        0.001

calc8   2e-04   0.4     1500    200             8           5.2             3/2      0.01
